,partition,mcc,f1,sn,sp,acc,prec,tp,fp,tn,fn
0,1,0.8593737651482001,0.8974358974358975,0.9459459459459459,0.9405940594059405,0.9420289855072463,0.8536585365853658,35,6,95,2
1,2,0.8553389745052727,0.8947368421052632,0.918918918918919,0.9504950495049505,0.9420289855072463,0.8717948717948718,34,5,96,3
2,3,0.7784318972437785,0.8378378378378378,0.8378378378378378,0.9405940594059405,0.9130434782608695,0.8378378378378378,31,6,95,6
3,4,0.9113220823186039,0.935064935064935,0.972972972972973,0.9603960396039604,0.9637681159420289,0.9,36,4,97,1
4,5,0.800321408297636,0.8536585365853658,0.9459459459459459,0.900990099009901,0.9130434782608695,0.7777777777777778,35,10,91,2
5,6,0.8503145005096854,0.888888888888889,0.8648648648648649,0.9702970297029703,0.9420289855072463,0.9142857142857143,32,3,98,5
6,7,0.8212621391517902,0.8674698795180723,0.972972972972973,0.900990099009901,0.9202898550724637,0.782608695652174,36,10,91,1
7,8,0.8153599143698154,0.8648648648648649,0.8648648648648649,0.9504950495049505,0.927536231884058,0.8648648648648649,32,5,96,5
8,9,0.839210587272751,0.8831168831168831,0.918918918918919,0.9405940594059405,0.9347826086956522,0.85,34,6,95,3
9,10,0.7344867992569638,0.8000000000000002,0.7567567567567568,0.9504950495049505,0.8985507246376812,0.8484848484848485,28,5,96,9
