,partition,mcc,f1,sn,sp,acc,prec,tp,fp,tn,fn
0,1,0.8287532874624178,0.863157894736842,0.9761904761904762,0.92,0.9322916666666666,0.7735849056603774,82,24,276,2
1,2,0.7682631567101766,0.8202247191011236,0.8690476190476191,0.93,0.9166666666666666,0.776595744680851,73,21,279,11
2,3,0.8437758422458372,0.8777777777777778,0.9404761904761905,0.9433333333333334,0.9427083333333334,0.8229166666666666,79,17,283,5
3,4,0.8013523912239913,0.8457142857142858,0.8809523809523809,0.9433333333333334,0.9296875,0.8131868131868132,74,17,283,10
4,5,0.7865382511204859,0.8342857142857143,0.8690476190476191,0.94,0.9244791666666666,0.8021978021978022,73,18,282,11
5,6,0.7918186616374907,0.8363636363636364,0.8214285714285714,0.96,0.9296875,0.8518518518518519,69,12,288,15
6,7,0.7652155904435404,0.8176795580110496,0.8809523809523809,0.9233333333333333,0.9140625,0.7628865979381443,74,23,277,10
7,8,0.8255334775830608,0.863905325443787,0.8690476190476191,0.96,0.9401041666666666,0.8588235294117647,73,12,288,11
8,9,0.7464728892361943,0.7999999999999999,0.9285714285714286,0.89,0.8984375,0.7027027027027027,78,33,267,6
9,10,0.7625542168276362,0.8152173913043479,0.8928571428571429,0.9166666666666666,0.9114583333333334,0.75,75,25,275,9
